Solve question (1) with the change that no goal state is given as an input.
Instead, a single integer k is given as the goal. The game ends when the sum of the top row is exactly k.
TEST CASES
I/P

3
3
21 32 60 
54 18 65 
45 45 58 
110
5
60 49 91 50 61 
98 50 36 53 67 
19 1 66 34 74 
69 45 37 52 80 
64 21 15 15 15 
256
7
84 71 91 36 33 78 86 
18 35 33 58 53 91 56 
3 18 64 77 9 92 42 
34 19 79 9 1 48 96 
41 94 8 79 88 46 25 
88 68 0 14 21 92 84 
48 50 45 99 56 74 57 
405

O/P

21 32 60 54 18 65 45 45 58 
60 21 32 54 18 65 45 45 58 
60 18 32 54 45 65 45 21 58 
60 49 91 50 61 98 50 36 53 67 19 1 66 34 74 69 45 37 52 80 64 21 15 15 15 
60 49 36 50 61 98 50 66 53 67 19 1 37 34 74 69 45 15 52 80 64 21 91 15 15 
84 71 91 36 33 78 86 18 35 33 58 53 91 56 3 18 64 77 9 92 42 34 19 79 9 1 48 96 41 94 8 79 88 46 25 88 68 0 14 21 92 84 48 50 45 99 56 74 57 
34 71 91 36 33 78 86 41 35 33 58 53 91 56 88 18 64 77 9 92 42 48 19 79 9 1 48 96 84 94 8 79 88 46 25 18 68 0 14 21 92 84 3 50 45 99 56 74 57 
34 71 91 36 9 78 86 41 35 33 58 1 91 56 88 18 64 77 88 92 42 48 19 79 9 21 48 96 84 94 8 79 56 46 25 18 68 0 14 33 92 84 3 50 45 99 53 74 57
