Solve question (1) with the condition that two goals goal1 and goal2 are given. If the number k (additional and last input) was 
never ever moved, the algorithm should find a path till goal1. If however anytime k was moved, the algorithm should find a path 
to goal2. 

I/P

3
3
896 603 283 
996 744 702 
322 840 650 
896 603 283 
996 840 702 
322 650 744 
840 896 603 
996 283 702 
322 744 650 
283
4
197 415 668 703 
135 977 221 481 
563 865 347 401 
749 292 466 7 
221 415 466 703 
749 977 668 481 
197 401 563 865 
135 292 347 7 
865 749 703 466 
977 197 481 347 
7 415 135 401 
563 668 292 221 
977
5
351 408 791 546 497 
442 727 195 227 611 
270 801 308 678 932 
184 525 556 190 136 
473 403 355 805 260 
805 525 791 801 497 
351 403 195 546 611 
442 308 227 932 270 
136 184 727 556 408 
678 260 473 190 355 
351 408 791 546 497 
195 227 611 442 727 
801 308 678 932 270 
184 525 556 190 136 
473 403 355 805 260 
195

O/P

896 603 283 996 744 702 322 840 650 
603 283 896 996 744 702 322 840 650 
603 840 896 996 283 702 322 744 650 
840 896 603 996 283 702 322 744 650 
197 415 668 703 135 977 221 481 563 865 347 401 749 292 466 7 
197 415 466 703 135 977 668 481 563 865 221 401 749 292 347 7 
197 415 466 703 135 977 668 481 221 401 563 865 749 292 347 7 
221 415 466 703 749 977 668 481 197 401 563 865 135 292 347 7 
351 408 791 546 497 442 727 195 227 611 270 801 308 678 932 184 525 556 190 136 473 403 355 805 260 
351 408 791 546 497 195 227 611 442 727 270 801 308 678 932 184 525 556 190 136 473 403 355 805 260 
351 408 791 546 497 195 227 611 442 727 801 308 678 932 270 184 525 556 190 136 473 403 355 805 260
