Solve question (1) with the condition first a row is moved, then a column is moved, then a row is moved, and so on. 

I/P

3
4
47 88 3 82 
4 76 50 24 
65 60 92 7 
49 63 20 61 
3 82 50 61 
65 24 4 88 
49 60 92 76 
47 63 20 7 
4
59 2 88 79 
92 79 25 60 
39 40 71 94 
55 27 31 4 
2 79 79 60 
92 40 25 39 
27 71 94 4 
55 88 31 59 
5
1 84 49 32 12 
71 84 35 90 22 
40 34 11 40 17 
61 77 47 83 90 
87 49 50 10 22 
32 84 1 84 49 
71 34 35 90 22 
40 77 11 40 17 
61 49 47 83 90 
50 10 22 87 12

O/P 

47 88 3 82 4 76 50 24 65 60 92 7 49 63 20 61 
47 88 3 82 50 24 4 76 65 60 92 7 49 63 20 61 
50 88 3 82 65 24 4 76 49 60 92 7 47 63 20 61 
3 82 50 88 65 24 4 76 49 60 92 7 47 63 20 61 
3 82 50 61 65 24 4 88 49 60 92 76 47 63 20 7 
59 2 88 79 92 79 25 60 39 40 71 94 55 27 31 4 
2 88 79 59 92 79 25 60 39 40 71 94 55 27 31 4 
2 79 79 59 92 40 25 60 39 27 71 94 55 88 31 4 
2 79 79 59 92 40 25 60 27 71 94 39 55 88 31 4 
2 79 79 60 92 40 25 39 27 71 94 4 55 88 31 59 
1 84 49 32 12 71 84 35 90 22 40 34 11 40 17 61 77 47 83 90 87 49 50 10 22 
32 12 1 84 49 71 84 35 90 22 40 34 11 40 17 61 77 47 83 90 87 49 50 10 22 
32 84 1 84 49 71 34 35 90 22 40 77 11 40 17 61 49 47 83 90 87 12 50 10 22 
32 84 1 84 49 71 34 35 90 22 40 77 11 40 17 61 49 47 83 90 50 10 22 87 12
